tuuux tocuutttt, 427

864466, castrum, 344.
Spoleti (664146), 462, 245.
5444466 (cumcun), 236, 363.
5466344446 (villa de), 52.

Sinni ( portus dc), 263.
stavia, 453.

8666646666 ,oppidum 4, 42, 25, 56, 436, 466,
469, 476, 476, 469, 265, 264, 267, 326, 376,

379.
3654644646, 5.
3644646, flumen, 243.
366664 (pons), 354.
3666666, flumen, 94, 476, 364.
36464444 (principatus), 236, 272.
3643664664, 459 64 444. 664. (6).

mmmmmmfflmmnmmn

mm

36466, flumen, 45, 24 64 444. 664. (4), 246, 244,

243, 245, 24 9, 228, 348.

Taurini 666 Taurinum, civitas 64 territurium,

94, 95, 496, 265, 246, 244, 244, 347, 334
34444446, 46.

Tenem (66646666 dc), 26.

73464664 646 34464664, scu 36464664, 446 64 446.
664. (4), 444, 443 64 ib. 664. (5), 444, 425,

495, 255.

mm,mm‚wmnmmmm
mmmmmmm,m,m

362, 363, 366.
3444464464 burgus, 3, 44, 42.
3464464464 cummunis, 266.

34446 866446 63, 75, 456, 466, 494, 235, 322,

mffimmmm
3666666666 666 74466666, castrum, 237, 239.
Tantarum (castrum), 269, 274, 367, 363.
3464644466, 4666666, 466, 354.

Ticinus, flumen, 53, 466, 469, 445, 429, 343.
34446646 (vallis), 56, 54 ,57, 496.
36444646, vitta, 26664 ib. not. (6), 334.
3466466666, 256
766564466466 seu 346666466666, 64444, 2, 4, 49,
54, 492, 266.
346666444466664, 493.
74666646 (portus dc) xxm, 326.
3666644664, 6464466, 327, 379.

Q· ⁸213· 364646, 4466646, 44, 65, 462, 463,

3446644, castellum, 446.

36464664 scu Tridentum, 6464466, 73, 272, 273.

“ 3466 Rupes, castrum, 452 44 ib. not (4).

tuentium, castrum, 454.

² 3646464 (vallis), 54, 57, 463, 496.
t momenmentum, 466. Forsan idcm ccthcntc.

3646664666, comitatus, 236.

3646444664, 469.

3646464664 scu 7646464664, 6464466, 44, 435, 436,
453, 476, 246.

3446644 (66646666), 57.

' 3466444 scu Tunica, 322, 377.

366646 ecclesiarum dc Sparoira, dc 4466666144,

- Albiano 64 4466666646, 469.

3646464446 (pons 446), 245.
Turris Noun, 46, 496.

ι 3646446, 243 44 ih. 664. (6).

Tuccia, 35, 36, 444, 426, 466, 473, 435, 264,
memmfflmmm

3644664666 scu Tnccuicnnm, 4464446, 7, 426.

4444664666, castrum, 44.

414666, civitas, 355.

44666646, 439.

41656 Vetus, 342, 344.

36666446, vitta, 54.

3664664 scu Urcinm, castellum, 25, 255.

4464444666, castollum, 255.

44446666, 453.

446646 scu Onrcn,scu 36646, 334, 376, 362.

364646666446 scu Guntccntnnicn, 472, 474, 344,
3 2.

36ἱά4666466, 466.

36444464446, 496.

3644646 646 36446646, civitas, 26, 336, 342
3656666466, castrum, 367.

364444664666 scu 364444644664, 666 36444646-

;46464, „butgum 43, 22, 463, 239, 244, 249
85

3654666544 (civitates), 247.

364446 34646646 ,burgum 493, 237, 324.
36646664, 354.

366466 (com munis 56), 466.

366646 646 Vannio (666466 446), 29, 333.
3666646 (castrum), 352, 374, 374.

366 (1464466446), 279, 335.

34π4346ἳ634ὲ6 3464646 6663464ιί64, 45, 456, 454,

3464466444 (castellum 446), scu 3644464664, seu
3494666, 469, 472, 274, 262, 266, 344.

 

