443 44444 46444444.

3444444444 44434449444, 44444, 433, 234, 233,
367, 344, 345, 347.

64444444 444 34444444, 44444444, 63, 37.

344444 (castrum (44), 73.

Beati 34444· (44414444), 7.

amanam, 366.

34344444, 4444444, 435.

3444444444, 4444444, 264, 256.

3444464444, castrum, 242 44 444. 444. (6), 246,
247, 243.

3444444444, civitas, 224, 236. ,·

3444464444, flumen, 236 44 ib. 444. (6).

porsenam, 444, 444.

3444444444, castrum, 473. ,

Barpana· 444 34444444· (burgus 44 gaas), 243 44 ab.
444. (4), 364, 366.

344444 (turris 64), 26.

34444444, 4444444 44444444 ejusdem nominis, 423.

3446444444, 4444444444, 433, 436.

3444444444, 446.

Bobium, civitas, 33, 34, 32, 435.
34444444, 357.

3444444444,4444444, 443 44 ib. 464. (4), 273.
3444444444, civitas, 432.

34ἑ44ἓ4ξι(4ἅ44444444), 266 44 ib. 444. (4), 275 44
44144444444444, 44, 44, 44, 44, 44, 44, 44, 44,

34, 35, 36, 33, 33, 33, 466, 444, 426, 435,
446, 443, 266, 266, 323, 347, 343, 365, 375.

34444444 (episcopatus), 473, 436, 343.

64464444, civitas, 334.

3449444444 (villa 64), 54 .

Boanum, 44444 6444444444 Alexandriae, 273, 334.

34444 64 3444444 (racha), 274.

34444446· (anstrum), 44, 52.

3444644444, 444 3444644444, 444 3444643444,
444, 444, 444.

344464, 433.

Bradanum, castrum, 63.

3444444444, castrum, 42.

3444444444, 4.

3444444444, 447.

3444444, 464, 453.

Brixia, civitas, 44, 43, 23, 34, 32, 33, 34, 46,
66, 443, 426, 435, 464, 463, 473, 434, 244,
246, 274, 276, 344.

Brixia, 4444444444, 344, 342, 373.

3444444 (episcopatus), 467, 433, 254, 274, 276,

3444444 (aratorium), 266.

arama (44444444), 434.

344444 444 34444, burgus, 46, 52, 423, 234,

3444444444, 423.

3449444444, 44444444, 23.

ammata, 44444444, 344.

3444644444, 4444444, 76. vid. aranaaiam.

344444 (44444 64), 232.

3464444 (44444444), 233.

34)(444444, 44444444, 364.

3449444 (pons (44), 246.

ananam, 245.

Barpana, 433, 433.

3444444443, 346. ,

Barpaa Novas, 47, 273.

344444 Sancti Domini 444 4444444444, pra 3444-
4444, 44, 42, 47, 24, 22, 43, 64,62, 63, 73
44 ib. 4444. (4), 74, 433, 265, 246, 243, 226,
444, 444, 444, 444.

3444444 64 Vallo Tarii, 32, 33.

3444444444, 44444444, 273.

Barium, 426.

3444464· 444 344464, 444 64 3444466 (44444444),
44, 44, 444, 444.

34444444444444, 423.

34444444, 444444, 67.

3444444444, casuum, 42.

3444444, ax.

0444444444, 43.

049444· (castrum), 233.

0494444444, 248.

04446444, 267.

0444444444 (burgus 444) anomianorum,

044444444444 444 3434444444), 44444444, 235,

044464, flumen, 443.

Campania, 43, 433.

campronaaium, 433.

campas 64444444, 436.

Canales, 4444444644 4444444444, 223.

0444444444, 472.

0444444444, 444 44 444. 444. (4).

0446464, castrum, 42.

0444444, 2.

2 0444444444, 357, 364.

Gangaa'am 444 0464344444, castrum, 28, 444
2 .

 

