404 INDEX NOMINUM.

6030111601 61 1111011336, 361, 367.

6010101, comes, 113.

mmmmm&

6100001, magnates Tendcnae, 368.

6100090, (gene 61), 131, 333, 333, 318, 313,
ffiwmmm

611901101 1111, papa, tt et 111. 101. (11.

611901101 IX, papa, 76, 76, 77, 78, 113, 163,
163, 163, 176, 177, 178, 181, 186, 131, 133,

611901111 Χ, papa, 337, 333, 313, 318, 311,
317, 313, aet, 361.

6119011111 de 0011190900, Gregorii 910101091-
tue, 186.

611901101 60 11001110090, notarice 61190111
91911 01 legatus, 177, 173, 181, 183, tet,
mmmmmm

611101 101001 (i), consul Placentiae, 66.

611100161, magnates lancae, 316, 311, 367.

6111011101 seu 6111011111, episcopus Placenti-
1111113, 36.

6110010131001110101111,168.

600110, episcopus Brixiae, 171.

61101111101 110900, civia Papiae, 331.

6003110001, syndicus Papiae, 331.

6001100, auteur d’annelee 11661111 60 Piai·
111100, 11.

6001100 110110, potestas Mediolani, 171.

61010,οο1101 Placentiae, 68.

60010001 61 11011110, 336.

60113111, 113,113, 171, 183, 311, 373, 371.

6011101 61 1116110, 111.

6011101 Strictae, 111.

6011101, ct.

61160 611110061010 eeu 3101161011, comes,
Qm

60160 Caput Porci, 113.

60160 61 61111110, cardinalis, 337.

60160 61 60111910, 311.

60160 601001, judex, 313.

60160 61 611100,οο1111 Placentiae, 66.

60160 61 Fonteiae, 163.

61160 611110 8011011011,οα911100111 pro Eccle-
sia 11011111,131, 376.

6016010901, potestas civitatis Brixiae, 31.
60160 61 3001100010, comes, 118.
61160 60 11οο10111, 318, 313, 311.

cmmmmmmmm
6016061 Domine 01110, 133.

60160 1600101001, 113, 161 .

61160 Paleas, 317.

60160 8001101, 137.

60160 61 10110110, 113.

60160111 61 archidiaconis, potestas Placen·
tiae, 167, 168, 163.

Gildone 1100011111, 363.

601601 cle 111110, poteslas Placentiae, 61.

601601 611006110οο, 90110111 1110011100,76.

601601 6010101110, 181.

60160161 3011111310, 113, 333, 318, 313,
mmmm

Geifredaa, 0116110111, 83.

6111111601, 0001161100130, 113,113, 111.

60311601 de 11100000, potestas Placentiae,
00

6011116111 61091301, potestas Placentiae, 11.

6013110111 ,10901010 , 116.

6131110101611116110, 131, 133, 131,155,163,
166, 167, 113, 111, 116, 116, 117.

6013111001 61 6101090 61 Audito, 333.

6013111001, 091100911111111111, 11.

6013011001 1110010161 60111100, 9011131111-
0011110, 66.

6013110101 1100111, 163.

6013111001 61 30911, 161.

6013110101 1101101, 313.

6013110101 61 60110, consul Placentiae, 33,

6013111001 Clericus, 117.

6013110101 61 aretinae, 333.

6013110101 namnetas, 313, 363.

6113111101 1110001011, consul Placentiae, 13.

6013111001, filicis quondam leniendi, 111.

6031110101 61 110010 111110 , 381, 383, 386.

6013111001,000110300311011111, 333, 331,
mfflmnmmfflmemm,
mmmmmmem
mmmmmmmmffl
annmnnmffiaea

6113111001, 11010011131110,11, 17.

601311011011161110101, 313.

6013111001 61111110, potestas Veronae, 163.

6013111001 61 11110, potestas populi in Papia,
113, 111,161,183,131, 317, 313, 363, 366,
366, 363, 381.

6013111001 6111111110, potestas Placentiae, 17.

6013110101 61 10111110 (aller), 318, 368.

6013111011 11061101, 133.

 

