INDEX
4444444 sum 444444444444.

...w

434444 344444, burgus, 293, 323.

444 4444 44444444 4444 44444, civim 43, 449
44 ib. 444. (4) 337, 333, 339.

44444444 (pons), 243.

44444444 (ripa), 449, 444, 324.

44444 444 Addua, 3444444, 49, 24, 37, 449, 433,
473, 479, 439, 275, 324, 332, 374, 372, 374,

4444444444, 493.

4444444444 444 44444444, 4444444444, 333, 339.

4944444, fluvius, 343.

Amwmmwmmmm
mmmmmmmmm
mmmmmmmm

44344 (vallis), 232.

44344 444 4434 4444444, 43, 437, 234, 392, 344,
mmm

4434444444 444 4434444444, 43, 34.

4444444444, civitas, 7, 3, 99, 94, 423, 293,
mmmmmmmmm
mmmmm

4444444444, eommunis, 293, 343, 333.

Alexandriae (districtus), 473, 293.

Alexandriae (444444), 473.

4494444444 (castrum), 37.

amm

4444444, civitas, 443 44 ib. 444. (3).

4443444, civitas, 7, 423 44 ib. not. (3), 293.

4444444 (marcha), 434, 233.

443444444444, 449.

4444444444, 44444444, vt.

4444, 37.

4443444444, 444.

444444, 47, 24, 39, 33, 39, 77, 445, 447, 449*
mmmmmmmmm
mmmmm

Apuliae (4444444444), 249, 233, 233, 242 234.

44444 mortuae, 342.

4444444444, civitas, 492.

Ammmwmm

4444444444, 433, 454.

4444444444, 447 44 ib. 444. (f).

44444444, castrum, 2, 423, 239.

,4444444 44444444, 44 Mediolano, 442 44 ib.
not. (4), 422.

444444, 4.

44444, 43, 434.

4444494444 (turres), 443 44 ib. 444. (a).

4444444 pro 44444444, civitas, 332.

4444444444 (rognum), 239.

44444, castrum, 47, 32, 33, 493, 449 44 ib.

444. (f).
44444444, 43.

449444· seu 444444 444 34444444, 3, 473.
Ariminum, civitas, 247, 239, 333.
44444444, 443.

4444 (vallis), 234 .

44444, flumen, 277.

44444444 (mons), 49.

4444, civitas Provinciae (444), 274.
4444 (Ah-lachapelle), 343.

4444, communis, 392, 347, 343.

4444, 444, civim 3, 3, 37, 427, 437.
Amwwwm

44444, 472 44 ib. 444. (a). vide Uvroa.
44444444 444 0444444434, ducam 439, 239, 337,
444444, civitas, 33.

3444444444 (castellum), 439.
349444444444, 4444444444, 333.
34434444, 443.

3444344444, castrum, 447, 423.
4444444444, castrum, 33.

Bardi (castrum), 239. .
Bardonem 4444 monaxio, 44, 499.
4444444444, castrum, 337, 333, 379.
Bovianum, castrum, 433.

344444, civitas, 333.

34444444, castrum, 439.

4444444444, villa, 494.

 

